[gd_scene load_steps=10 format=3 uid="uid://cftkvtyg68tcw"]

[ext_resource type="Script" path="res://main.gd" id="1_ksxeo"]
[ext_resource type="PackedScene" uid="uid://dw7gkwfdi4uit" path="res://mock_level.tscn" id="1_runrc"]
[ext_resource type="PackedScene" uid="uid://dsc3ljpqnr4fm" path="res://player.tscn" id="1_we2cs"]
[ext_resource type="PackedScene" path="res://camera_on_rail.tscn" id="4_poq33"]

[sub_resource type="ProceduralSkyMaterial" id="ProceduralSkyMaterial_smp7o"]
sky_top_color = Color(0.188235, 0.133333, 0.780392, 1)
sky_horizon_color = Color(0.537255, 0.65098, 0.85098, 1)

[sub_resource type="Sky" id="Sky_1gvxx"]
sky_material = SubResource("ProceduralSkyMaterial_smp7o")

[sub_resource type="Environment" id="Environment_pqr6m"]
background_mode = 2
background_color = Color(0.921569, 0.054902, 0.701961, 1)
sky = SubResource("Sky_1gvxx")
ambient_light_source = 2
ambient_light_color = Color(0.4, 0.4, 0.4, 1)

[sub_resource type="BoxShape3D" id="BoxShape3D_vkalk"]
size = Vector3(28, 1, 64)

[sub_resource type="Curve3D" id="Curve3D_2n2ku"]
bake_interval = 500.0
_data = {
"points": PackedVector3Array(0, 0, 0, 0, 0, 0, 31, 14, 39, 0, 0, 0, 0, 0, 0, 42, 18, 16, 0, 0, 0, 0, 0, 0, 40, 21, -9, 0, 0, 0, 0, 0, 0, 30, 16, -33),
"tilts": PackedFloat32Array(0, 0, 0, 0)
}
point_count = 4

[node name="Main" type="Node3D"]
script = ExtResource("1_ksxeo")

[node name="CanvasLayer" type="CanvasLayer" parent="."]

[node name="Control" type="Control" parent="CanvasLayer"]
layout_mode = 3
anchors_preset = 15
anchor_right = 1.0
anchor_bottom = 1.0
grow_horizontal = 2
grow_vertical = 2

[node name="Label" type="Label" parent="CanvasLayer/Control"]
layout_mode = 0
offset_left = 18.0
offset_top = 20.0
offset_right = 401.0
offset_bottom = 100.0
theme_override_font_sizes/font_size = 40
text = "Vector()"

[node name="MockLevel" parent="." instance=ExtResource("1_runrc")]

[node name="WorldEnvironment" type="WorldEnvironment" parent="."]
environment = SubResource("Environment_pqr6m")

[node name="Player" parent="." instance=ExtResource("1_we2cs")]
transform = Transform3D(1, 0, 0, 0, 1, 0, 0, 0, 1, 5, 1.19209e-07, 26)
dir_rotation = 90

[node name="LevelCamera2" type="Camera3D" parent="."]
transform = Transform3D(0.738831, 0.0349753, 0.672983, -0.185782, 0.970524, 0.153521, -0.647776, -0.238455, 0.72355, -0.929103, 6.83991, 24.0147)
doppler_tracking = 1
current = true
fov = 50.0

[node name="Marker3D" type="Marker3D" parent="."]
transform = Transform3D(0.707107, 0, -0.707107, 0, 1, 0, 0.707107, 0, 0.707107, -16, 35, 1)

[node name="DirectionalLight3D" type="DirectionalLight3D" parent="Marker3D"]
transform = Transform3D(0.866025, 0, -0.5, 0.5, -4.37114e-08, 0.866025, -2.18557e-08, -1, -3.78552e-08, 0, 0, 0)
shadow_enabled = true

[node name="CameraOnRail" parent="." instance=ExtResource("4_poq33")]

[node name="MotionArea" parent="CameraOnRail" index="0"]
transform = Transform3D(1, 0, 0, 0, 1, 0, 0, 0, 1, 5, -0.5, 0)
shape = SubResource("BoxShape3D_vkalk")

[node name="CameraPath" parent="CameraOnRail" index="1"]
curve = SubResource("Curve3D_2n2ku")

[node name="CameraMount" parent="CameraOnRail/CameraPath" index="0"]
transform = Transform3D(-0.89428, -0.0890721, 0.438178, 0, 0.979793, 0.199172, -0.44714, 0.178144, -0.876357, 31, 14, 39)

[node name="LevelCamera" parent="CameraOnRail/CameraPath/CameraMount" index="0"]
transform = Transform3D(8.78467e-08, 0.500074, -0.86616, -8.56545e-09, 0.866153, 0.50007, 1.00014, -1.2128e-08, 7.91244e-09, 0, 0, 0)

[editable path="CameraOnRail"]
